format: glitch-expt
models:
- boxsize:
    height: 0.5
    length: 1.0
    width: 1.0
  density: 0.3
  dimensions:
  - 76.88810729980469
  - 88.28158569335938
  - 5.000007629394531
  name: Amy_negativ_12975
  path: ../tricky-3d-models/models/Amy_negativ_12975.stl
  rotation:
  - x: 0.0
    y: 0.0
    z: 90.0
  - x: 90.0
    y: 0.0
    z: 0.0
  - x: 0.0
    y: 90.0
    z: 0.0
  sampling: 0.3
  scaling: 1
  threshold: 90
version: 1
