format: glitch-expt
models:
- boxsize:
    height: 2.0
    length: 2.0
    width: 2.0
  density: 0.3
  dimensions:
  - 149.99000549316406
  - 149.98001098632812
  - 149.9980010986328
  name: test_molen_fixed_15653
  path: ../tricky-3d-models/models/test_molen_fixed_15653.stl
  rotation:
  - x: 0.0
    y: 0.0
    z: 0.0
  - x: 90.0
    y: 0.0
    z: 0.0
  - x: 0.0
    y: 90.0
    z: 0.0
  sampling: 0.8
  scaling: 1
  threshold: 90
version: 1
