format: glitch-expt
models:
- boxsize:
    height: 1.5
    length: 1.5
    width: 1.5
  density: 0.3
  dimensions:
  - 98.81149291992188
  - 41.13856506347656
  - 65.93710327148438
  name: airplane
  path: ../tricky-3d-models/models/airplane.stl
  rotation:
  - x: 0.0
    y: 0.0
    z: 0.0
  - x: 90.0
    y: 0.0
    z: 0.0
  - x: 0.0
    y: 90.0
    z: 0.0
  sampling: 0.5
  scaling: 1
  threshold: 90
version: 1
