format: glitch-expt
models:
- boxsize:
    height: 0.5
    length: 0.5
    width: 0.5
  density: 0.3
  dimensions:
  - 27.52164077758789
  - 10.46869945526123
  - 8.093957901000977
  name: beard
  path: ../tricky-3d-models/models/beard.stl
  rotation:
  - x: 0.0
    y: 0.0
    z: 0.0
  - x: 90.0
    y: 0.0
    z: 0.0
  - x: 0.0
    y: 90.0
    z: 0.0
  sampling: 0.05
  scaling: 1
  threshold: 90
version: 1
