format: glitch-expt
models:
- boxsize:
    height: 0.5
    length: 1.0
    width: 1.0
  density: 0.3
  dimensions:
  - 77.99673461914062
  - 133.9325714111328
  - 8.0
  name: BobbinPlate_1430 v2
  path: ../tricky-3d-models/models/BobbinPlate_1430 v2.stl
  rotation:
  - x: 0.0
    y: 0.0
    z: 0.0
  - x: 90.0
    y: 0.0
    z: 0.0
  - x: 0.0
    y: 90.0
    z: 0.0
  sampling: 0.2
  scaling: 1
  threshold: 90
version: 1
