format: glitch-expt
models:
- boxsize:
    height: 1.0
    length: 1.0
    width: 1.0
  density: 0.3
  dimensions:
  - 32.99844741821289
  - 32.99922180175781
  - 10.300000190734863
  name: bottlecap
  path: ../tricky-3d-models/models/bottlecap.stl
  rotation:
  - x: 0.0
    y: 0.0
    z: 0.0
  - x: 90.0
    y: 0.0
    z: 0.0
  - x: 0.0
    y: 90.0
    z: 0.0
  sampling: 0.1
  scaling: 1
  threshold: 90
version: 1
