format: glitch-expt
models:
- boxsize:
    height: 0.8
    length: 0.8
    width: 0.8
  density: 0.3
  dimensions:
  - 36.35392761230469
  - 78.73599243164062
  - 21.814319610595703
  name: car_17571
  path: ../tricky-3d-models/models/car_17571.stl
  rotation:
  - x: 0.0
    y: 0.0
    z: 0.0
  - x: 90.0
    y: 0.0
    z: 0.0
  - x: 0.0
    y: 90.0
    z: 0.0
  sampling: 0.2
  scaling: 1
  threshold: 90
version: 1
