format: glitch-expt
models:
- boxsize:
    height: 1.0
    length: 1.0
    width: 1.0
  density: 0.3
  dimensions:
  - 28.780458450317383
  - 40.0565071105957
  - 21.93989372253418
  name: Clip_#13831
  path: ../tricky-3d-models/models/Clip_#13831.stl
  rotation:
  - x: 0.0
    y: 0.0
    z: 0.0
  - x: 90.0
    y: 0.0
    z: 0.0
  - x: 0.0
    y: 90.0
    z: 0.0
  sampling: 0.1
  scaling: 1
  threshold: 90
version: 1
