format: glitch-expt
models:
- boxsize:
    height: 1.0
    length: 0.2
    width: 0.2
  density: 0.3
  dimensions:
  - 41.510040283203125
  - 66.82527160644531
  - 15.0
  name: cloud
  path: ../tricky-3d-models/models/cloud.stl
  rotation:
  - x: 0.0
    y: 0.0
    z: 0.0
  - x: 90.0
    y: 0.0
    z: 0.0
  - x: 0.0
    y: 90.0
    z: 0.0
  sampling: 0.08
  scaling: 1
  threshold: 90
version: 1
