format: glitch-expt
models:
- boxsize:
    height: 2.0
    length: 2.0
    width: 2.0
  density: 0.3
  dimensions:
  - 138.56399536132812
  - 136.7760009765625
  - 98.06199645996094
  name: CresGaruru
  path: ../tricky-3d-models/models/CresGaruru.stl
  rotation:
  - x: 0.0
    y: 0.0
    z: 0.0
  - x: 90.0
    y: 0.0
    z: 0.0
  - x: 0.0
    y: 90.0
    z: 0.0
  sampling: 1
  scaling: 1
  threshold: 90
version: 1
