format: glitch-expt
models:
- boxsize:
    height: 0.05
    length: 0.05
    width: 0.05
  density: 0.3
  dimensions:
  - 3.6398978233337402
  - 3.251526355743408
  - 2.7623562812805176
  name: double_cube
  path: ../tricky-3d-models/models/double_cube.stl
  rotation:
  - x: 0.0
    y: 0.0
    z: 0.0
  - x: 90.0
    y: 0.0
    z: 0.0
  - x: 0.0
    y: 90.0
    z: 0.0
  sampling: 0.01
  scaling: 1
  threshold: 90
version: 1
