format: glitch-expt
models:
- boxsize:
    height: 0.5
    length: 0.5
    width: 0.5
  density: 0.3
  dimensions:
  - 14.463830947875977
  - 29.45842742919922
  - 36.26518249511719
  name: Dragon_1
  path: ../tricky-3d-models/models/Dragon_1.stl
  rotation:
  - x: 0.0
    y: 0.0
    z: 0.0
  - x: 90.0
    y: 0.0
    z: 0.0
  - x: 0.0
    y: 90.0
    z: 0.0
  sampling: 0.1
  scaling: 1
  threshold: 90
version: 1
