format: glitch-expt
models:
- boxsize:
    height: 2.0
    length: 2.0
    width: 2.0
  density: 0.3
  dimensions:
  - 120.34881591796875
  - 137.23416137695312
  - 85.7882080078125
  name: Dusty fuselage 9
  path: ../tricky-3d-models/models/Dusty fuselage 9.stl
  rotation:
  - x: 0.0
    y: 0.0
    z: 0.0
  - x: 90.0
    y: 0.0
    z: 0.0
  - x: 0.0
    y: 90.0
    z: 0.0
  sampling: 1.0
  scaling: 1
  threshold: 90
version: 1
