format: glitch-expt
models:
- boxsize:
    height: 0.2
    length: 0.6
    width: 0.6
  density: 0.3
  dimensions:
  - 40.00182342529297
  - 25.002696990966797
  - 7.00018310546875
  name: ERCF_part
  path: ../tricky-3d-models/models/ERCF_part.stl
  rotation:
  - x: 0.0
    y: 0.0
    z: 0.0
  - x: 90.0
    y: 0.0
    z: 0.0
  - x: 0.0
    y: 90.0
    z: 0.0
  sampling: 0.07
  scaling: 1
  threshold: 90
version: 1
