format: glitch-expt
models:
- boxsize:
    height: 2.5
    length: 2.5
    width: 2.5
  density: 0.3
  dimensions:
  - 244.65235900878906
  - 153.44985961914062
  - 113.05213928222656
  name: ford
  path: ../tricky-3d-models/models/ford.stl
  rotation:
  - x: 0.0
    y: 0.0
    z: 0.0
  - x: 90.0
    y: 0.0
    z: 0.0
  - x: 0.0
    y: 90.0
    z: 0.0
  sampling: 0.5
  scaling: 1
  threshold: 90
version: 1
