format: glitch-expt
models:
- boxsize:
    height: 0.5
    length: 1.0
    width: 0.5
  density: 0.3
  dimensions:
  - 72.16239929199219
  - 24.2469482421875
  - 21.000350952148438
  name: Front_Bed_Mount_x1
  path: ../tricky-3d-models/models/Front_Bed_Mount_x1.stl
  rotation:
  - x: 0.0
    y: 0.0
    z: 0.0
  - x: 90.0
    y: 0.0
    z: 0.0
  - x: 0.0
    y: 90.0
    z: 0.0
  sampling: 0.2
  scaling: 1
  threshold: 90
version: 1
