format: glitch-expt
models:
- boxsize:
    height: 2.0
    length: 2.0
    width: 2.0
  density: 0.3
  dimensions:
  - 149.95550537109375
  - 70.59140014648438
  - 162.27932739257812
  name: '17216'
  path: ../tricky-3d-models/models/17216.stl
  rotation:
  - x: 0.0
    y: 0.0
    z: 0.0
  - x: 90.0
    y: 0.0
    z: 0.0
  - x: 0.0
    y: 90.0
    z: 0.0
  sampling: 0.8
  scaling: 1
  threshold: 90
version: 1
