format: glitch-expt
models:
- boxsize:
    height: 0.6
    length: 0.6
    width: 0.6
  density: 0.3
  dimensions:
  - 15.182916641235352
  - 15.182916641235352
  - 6.3176374435424805
  name: The Holy Grail2
  path: ../tricky-3d-models/models/The Holy Grail2.stl
  rotation:
  - x: 0.0
    y: 0.0
    z: 0.0
  - x: 90.0
    y: 0.0
    z: 0.0
  - x: 0.0
    y: 90.0
    z: 0.0
  sampling: 0.06
  scaling: 1
  threshold: 90
version: 1
