format: glitch-expt
models:
- boxsize:
    height: 0.6
    length: 0.6
    width: 0.6
  density: 0.3
  dimensions:
  - 58.830078125
  - 32.018646240234375
  - 149.6068572998047
  name: man_scaled
  path: ../tricky-3d-models/models/man_scaled.stl
  rotation:
  - x: 0.0
    y: 0.0
    z: 0.0
  - x: 90.0
    y: 0.0
    z: 0.0
  - x: 0.0
    y: 90.0
    z: 0.0
  sampling: 0.3
  scaling: 1
  threshold: 90
version: 1
