format: glitch-expt
models:
- boxsize:
    height: 2.0
    length: 2.0
    width: 2.0
  density: 0.3
  dimensions:
  - 191.03604125976562
  - 157.0181427001953
  - 298.0547790527344
  name: Mask_13284
  path: ../tricky-3d-models/models/Mask_13284.stl
  rotation:
  - x: 0.0
    y: 0.0
    z: 0.0
  - x: 90.0
    y: 0.0
    z: 0.0
  - x: 0.0
    y: 90.0
    z: 0.0
  sampling: 0.8
  scaling: 1
  threshold: 90
version: 1
