format: glitch-expt
models:
- boxsize:
    height: 0.8
    length: 0.8
    width: 0.8
  density: 0.3
  dimensions:
  - 36.65620040893555
  - 46.81829833984375
  - 51.0869026184082
  name: rakdos
  path: ../tricky-3d-models/models/rakdos.stl
  rotation:
  - x: 0.0
    y: 0.0
    z: 0.0
  - x: 90.0
    y: 0.0
    z: 0.0
  - x: 0.0
    y: 90.0
    z: 0.0
  sampling: 0.1
  scaling: 1
  threshold: 90
version: 1
