format: glitch-expt
models:
- boxsize:
    height: 0.8
    length: 0.8
    width: 0.8
  density: 0.3
  dimensions:
  - 45.90000915527344
  - 56.900001525878906
  - 29.799997329711914
  name: Rear_Bed_Mount_Right_x1
  path: ../tricky-3d-models/models/Rear_Bed_Mount_Right_x1.stl
  rotation:
  - x: 0.0
    y: 0.0
    z: 0.0
  - x: 90.0
    y: 0.0
    z: 0.0
  - x: 0.0
    y: 90.0
    z: 0.0
  sampling: 0.2
  scaling: 1
  threshold: 90
version: 1
