format: glitch-expt
models:
- boxsize:
    height: 0.6
    length: 0.6
    width: 0.6
  density: 0.3
  dimensions:
  - 45.89997863769531
  - 35.70001220703125
  - 29.799997329711914
  name: Rear_Bed_Mount_Left_x1
  path: ../tricky-3d-models/models/Rear_Bed_Mount_Left_x1.stl
  rotation:
  - x: 0.0
    y: 0.0
    z: 0.0
  - x: 90.0
    y: 0.0
    z: 0.0
  - x: 0.0
    y: 90.0
    z: 0.0
  sampling: 0.2
  scaling: 1
  threshold: 90
version: 1
