format: glitch-expt
models:
- boxsize:
    height: 0.8
    length: 0.8
    width: 0.8
  density: 0.3
  dimensions:
  - 39.369815826416016
  - 63.51164627075195
  - 87.3492431640625
  name: samuraiBoyRemeshed
  path: ../tricky-3d-models/models/samuraiBoyRemeshed.stl
  rotation:
  - x: 0.0
    y: 0.0
    z: 0.0
  - x: 90.0
    y: 0.0
    z: 0.0
  - x: 0.0
    y: 90.0
    z: 0.0
  sampling: 0.3
  scaling: 1
  threshold: 90
version: 1
