format: glitch-expt
models:
- boxsize:
    height: 0.5
    length: 0.5
    width: 0.5
  density: 0.3
  dimensions:
  - 36.598201751708984
  - 27.702899932861328
  - 65.50769805908203
  name: ship
  path: ../tricky-3d-models/models/ship.stl
  rotation:
  - x: 90.0
    y: 0.0
    z: 0.0
  - x: 0.0
    y: 0.0
    z: 0.0
  - x: 0.0
    y: 90.0
    z: 0.0
  sampling: 0.1
  scaling: 1
  threshold: 90
version: 1
