format: glitch-expt
models:
- boxsize:
    height: 0.5
    length: 1.0
    width: 1.0
  density: 0.3
  dimensions:
  - 148.0078125
  - 198.400634765625
  - 40.277976989746094
  name: slices
  path: ../tricky-3d-models/models/slices.stl
  rotation:
  - x: 0.0
    y: 0.0
    z: 0.0
  - x: 90.0
    y: 0.0
    z: 0.0
  - x: 0.0
    y: 90.0
    z: 0.0
  sampling: 0.3
  scaling: 1
  threshold: 90
version: 1
