format: glitch-expt
models:
- boxsize:
    height: 1.0
    length: 1.0
    width: 1.0
  density: 0.3
  dimensions:
  - 193.22991943359375
  - 123.21586608886719
  - 52.38742446899414
  name: PLA.0.2.Sonder-7.2
  path: ../tricky-3d-models/models/PLA.0.2.Sonder-7.2.stl
  rotation:
  - x: 0.0
    y: 0.0
    z: 0.0
  - x: 90.0
    y: 0.0
    z: 0.0
  - x: 0.0
    y: 90.0
    z: 0.0
  sampling: 0.3
  scaling: 1
  threshold: 90
version: 1
