format: glitch-expt
models:
- boxsize:
    height: 2.0
    length: 2.0
    width: 2.0
  density: 0.3
  dimensions:
  - 115.91149139404297
  - 147.0850830078125
  - 50.684200286865234
  name: sterm
  path: ../tricky-3d-models/models/sterm.stl
  rotation:
  - x: 0.0
    y: 0.0
    z: 0.0
  - x: 90.0
    y: 0.0
    z: 0.0
  - x: 0.0
    y: 90.0
    z: 0.0
  sampling: 1.0
  scaling: 1
  threshold: 90
version: 1
