format: glitch-expt
models:
- boxsize:
    height: 1.0
    length: 1.0
    width: 1.0
  density: 0.3
  dimensions:
  - 198.10206604003906
  - 120.64666748046875
  - 35.7405891418457
  name: sword
  path: ../tricky-3d-models/models/sword.stl
  rotation:
  - x: 90.0
    y: 0.0
    z: 0.0
  - x: 0.0
    y: 0.0
    z: 0.0
  - x: 0.0
    y: 90.0
    z: 0.0
  sampling: 0.5
  scaling: 1
  threshold: 90
version: 1
