format: glitch-expt
models:
- boxsize:
    height: 2.0
    length: 2.0
    width: 2.0
  density: 0.3
  dimensions:
  - 96.83695983886719
  - 140.68368530273438
  - 98.67738342285156
  name: Tabby_scaled
  path: ../tricky-3d-models/models/Tabby_scaled.stl
  rotation:
  - x: 0.0
    y: 0.0
    z: 0.0
  - x: 90.0
    y: 0.0
    z: 0.0
  - x: 0.0
    y: 90.0
    z: 0.0
  sampling: 0.8
  scaling: 1
  threshold: 90
version: 1
