format: glitch-expt
models:
- boxsize:
    height: 0.3
    length: 0.3
    width: 0.3
  density: 0.3
  dimensions:
  - 15.938045501708984
  - 17.208721160888672
  - 9.807945251464844
  name: trash_scalex5
  path: ../tricky-3d-models/models/trash_scalex5.stl
  rotation:
  - x: 0.0
    y: 0.0
    z: 0.0
  - x: 90.0
    y: 0.0
    z: 0.0
  - x: 0.0
    y: 90.0
    z: 0.0
  sampling: 0.05
  scaling: 1
  threshold: 90
version: 1
