format: glitch-expt
models:
- boxsize:
    height: 0.8
    length: 0.8
    width: 0.8
  density: 0.3
  dimensions:
  - 114.45280456542969
  - 199.99998474121094
  - 14.122400283813477
  name: Vyper_Boden_Deckel_Netz_Ver_1_3
  path: ../tricky-3d-models/models/Vyper_Boden_Deckel_Netz_Ver_1_3.stl
  rotation:
  - x: 0.0
    y: 0.0
    z: 0.0
  - x: 90.0
    y: 0.0
    z: 0.0
  - x: 0.0
    y: 90.0
    z: 0.0
  sampling: 0.2
  scaling: 1
  threshold: 90
version: 1
