format: glitch-expt
models:
- boxsize:
    height: 0.5
    length: 0.5
    width: 0.5
  density: 0.3
  dimensions:
  - 35.70209503173828
  - 34.14366912841797
  - 57.178443908691406
  name: warrior
  path: ../tricky-3d-models/models/warrior.stl
  rotation:
  - x: 0.0
    y: 0.0
    z: 90.0
  - x: 90.0
    y: 0.0
    z: 0.0
  - x: 0.0
    y: 90.0
    z: 0.0
  sampling: 0.08
  scaling: 1
  threshold: 90
version: 1
