format: glitch-expt
models:
- boxsize:
    height: 0.5
    length: 0.5
    width: 0.5
  density: 0.3
  dimensions:
  - 37.452056884765625
  - 33.99998474121094
  - 25.999998092651367
  name: X_Carriage_x1
  path: ../tricky-3d-models/models/X_Carriage_x1.stl
  rotation:
  - x: 0.0
    y: 0.0
    z: 0.0
  - x: 90.0
    y: 0.0
    z: 0.0
  - x: 0.0
    y: 90.0
    z: 0.0
  sampling: 0.08
  scaling: 1
  threshold: 90
version: 1
