format: glitch-expt
models:
- boxsize:
    height: 0.5
    length: 0.5
    width: 0.5
  density: 0.3
  dimensions:
  - 36.99998474121094
  - 30.740020751953125
  - 24.799999237060547
  name: XY_Joint_Left_Upper_x1
  path: ../tricky-3d-models/models/XY_Joint_Left_Upper_x1.stl
  rotation:
  - x: 0.0
    y: 0.0
    z: 0.0
  - x: 90.0
    y: 0.0
    z: 0.0
  - x: 0.0
    y: 90.0
    z: 0.0
  sampling: 0.08
  scaling: 1
  threshold: 90
version: 1
