format: glitch-expt
models:
- boxsize:
    height: 2.0
    length: 2.0
    width: 2.0
  density: 0.3
  dimensions:
  - 189.85255432128906
  - 239.5895233154297
  - 154.99050903320312
  name: CE3_main
  path: ../tricky-3d-models/online/CE3_main.stl
  rotation:
  - x: 270.0
    y: 0.0
    z: 0.0
  - x: 0.0
    y: 0.0
    z: 0.0
  - x: 0.0
    y: 90.0
    z: 0.0
  sampling: 0.5
  scaling: 1
  threshold: 90
version: 1
